651
3
16
34
39
0 51
10 52
47 55
27 57
62
8 86
89
92
153 94
31 95
111
112
26 115
135
208
36 231
76 244
15 252
12 263
267
282
303
313
323
347
364
367
40 368
370
378
49 392
400
59 407
411
412
80 413
429
430
462
467
64 471
499
502
2 529
67 534
88 543
550
44 553
32 563
91 564
69 579
101 583
71 603
610
614
621
656
61 664
68 668
6 673
128 676
46 703
704
719
724
725
124 726
729
118 735
743
30 744
82 751
761
65 765
777
786
53 795
803
72 806
97 816
827
829
867
870
99 885
889
20 894
895
921
37 930
936
939
954
972
123 993
997
998
1
4
7
17
96 79
81
90
106
566 114
54 130
108 147
18 162
93 173
176
203
216
219
222
251
105 256
261
180 269
137 270
284
286
292
423
433
242 470
146 478
66 494
129 496
84 513
555
561
565
584
126 585
588
605
116 619
102 631
638
645
646
654
165 666
131 705
117 711
723
728
730
733
736
119 740
742
134 763
764
143 814
815
133 832
152 838
842
138 881
161 898
158 904
931
365 932
155 943
144 947
160 956
175 991
58 264
329
333
206 338
168 341
150 344
352
357
361
157 372
151 383
163 385
183 388
199 395
421
191 427
442
238 447
236 458
486
488
493
104 495
500
85 517
253 537
569
227 595
596
604
606
171 618
627
644
237 659
663
169 674
680
243 684
687
692
702
712
218 721
188 759
826
836
214 857
887
896
172 915
923
924
182 929
942
944
962
964
204 967
978
250 984
28
109
125
127
207 156
184
249 185
197
202
239
259 257
190 262
279
195 291
301
273 307
360
362
404
198 409
221 419
428 437
266 438
440
446
248 474
285 475
485
505
288 524
530
289 544
339 545
560
200 571
271 582
594
345 612
215 620
642
246 714
304 716
727
755
290 758
768
234 769
784
224 796
226 817
321 837
850
324 853
860
280 866
877
327 879
899
917
330 961
970
986
987
50
75
142
178
187
217
229
232
247
255
265
295 297
305
356
376 363
389
373 390
425
457
463
468
410 481
350 482
497
507
343 521
318 525
386 548
512 634
648
649
655
331 661
706
335 709
819
398 841
394 858
880
223 897
906
935
938
371 988
353 995
38
48
110
139
140
145
154
192
275
294
299
399 355
358
381
393
414 405
366 434
450
459 469
375 476
483
578 510
382 511
306 562
337 573
432 615
336 628
401 637
461 657
455 662
384 675
688
408 697
415 715
490 731
732
670 750
757
771
787
792
424 794
310 810
812
487 813
820
823
839
844
359 847
322 861
422 872
875
888
890
449 892
908
922
630 945
632 946
955
617 965
971
403 977
454 990
70
87
100
196
228
241
245
380
607 444
417 552
418 683
547 686
718
747
756
653 760
522 801
831
464 833
402 835
443 912
528 919
933
484 937
465 952
466 968
695 973
989
148
174
201
348
351
491
504
559
452 586
580 589
598 601
503 609
678
693
849
851
859
874
535 884
905
527 920
577 960
963
445 981
41
77
179
194
209
277
311
316
334
354
387
396
416
436
441
514
567
600 590
592
611
616
717 624
647
652
658
667
682
746
498 770
785
633 798
804
865
749 916
698 940
969
808 985
9
22
23
98
103
141
159
193
205
260
302
312
520
781 581
426 643
568 681
690
745
665 762
852
878
587 910
635 996
83
120
225
235
314
342
501 492
551
518 558
602
650
636 700
767
941 774
788 797
753 828
855
542 856
625 934
951
11
13
14
43
122
508
538
570
25
220
319
349
374
377
540
549
574
575
800 622
608 660
599 789
701 862
737 873
710 903
572 928
805 982
167
258
406
451
473
539
557
707
738
975
994
181
211
233
281
283
296
300
369
536
576
623
691
830
845
848
950
186
276
554
629
891 752
864
869
782 911
60
509
515
677
802
821
893
56
189
230
479
489
641
651 696
918 720
811
843
966
983
35
121
136
166
328
391
397
739
778
78
213
332
506
546
669
957 974
5
21
33
149
317
472
593
19
177
298
320
326
791
840 824
992
42
